Tempo: 301.529243s
Objective Value(dc - df) = 4.000000
Palavra(x) = CTAC
dc = 7
df = 5
