Tempo: 301.529243s
Objective Value(dc - df) = 5.000000
Palavra(x) = 0001000001011000000000000011111111101010
dc = 7
df = 5
