Tempo: 301.529243s
Objective Value(dc - df) = 4.000000
Palavra(x) = 1100001000011111
dc = 7
df = 5
