Tempo: 301.529243s
Objective Value(dc - df) = 1.000000
Palavra(x) = 10000100
dc = 7
df = 5
