Tempo: 301.529243s
Objective Value(dc - df) = 6.000000
Palavra(x) = 00000111000001000001111010101000
dc = 7
df = 5
