Tempo: 301.529243s
Objective Value(dc - df) = 4.000000
Palavra(x) = 00000000010100111111111010001111
dc = 7
df = 5
