Tempo: 301.529243s
Objective Value(dc - df) = 6.000000
Palavra(x) = 0000011111111111101111111111111111111111
dc = 7
df = 5
