Tempo: 301.529243s
Objective Value(dc - df) = 7.000000
Palavra(x) = 00000000000000001111111111000000
dc = 7
df = 5
