Tempo: 301.529243s
Objective Value(dc - df) = 4.000000
Palavra(x) = 000110011000011111111101
dc = 7
df = 5
