Tempo: 301.529243s
Objective Value(dc - df) = 5.000000
Palavra(x) = 11111111111111111110111100011111
dc = 7
df = 5
