Tempo: 301.529243s
Objective Value(dc - df) = 2.000000
Palavra(x) = 001001111100000000110001
dc = 7
df = 5
