Tempo: 301.529243s
Objective Value(dc - df) = 3.000000
Palavra(x) = 001001111011000000100011
dc = 7
df = 5
