Tempo: 301.529243s
Objective Value(dc - df) = 3.000000
Palavra(x) = 0000011000000000
dc = 7
df = 5
