Tempo: 301.529243s
Objective Value(dc - df) = 7.000000
Palavra(x) = 11000101000101011001111110100111
dc = 7
df = 5
