Tempo: 301.529243s
Objective Value(dc - df) = 1.000000
Palavra(x) = 00011111
dc = 7
df = 5
