Tempo: 301.529243s
Objective Value(dc - df) = 4.000000
Palavra(x) = 010011111101000010101111
dc = 7
df = 5
