Tempo: 301.529243s
Objective Value(dc - df) = 7.000000
Palavra(x) = 1011110011010000001000001101001101011110
dc = 7
df = 5
