Tempo: 301.529243s
Objective Value(dc - df) = 5.000000
Palavra(x) = 0001011111111111
dc = 7
df = 5
