Tempo: 301.529243s
Objective Value(dc - df) = 5.000000
Palavra(x) = 1100001100011100000110101011111111110011
dc = 7
df = 5
