Tempo: 301.529243s
Objective Value(dc - df) = 4.000000
Palavra(x) = 010011101000111111111000
dc = 7
df = 5
