Tempo: 301.529243s
Objective Value(dc - df) = 6.000000
Palavra(x) = 1111111111111111111100101100000000000000
dc = 7
df = 5
